B1=25.0C=B+(A*2)A*2B2=2.65A=7.3B=25.55C=40.15D=17.425E={17.425,26.137500000000003}V={113.26250000000002,182.9625}B1=25.0D=((C-0.15)-20) / (7-5)C-0.1540.0-207-57-57-5B2=2.65A=7.3B=25.55C=40.15D=10.0E={17.425,26.137500000000003}V={113.26250000000002,182.9625}B1=25.0E={2,3}*(D/2)D/2B2=2.65A=7.3B=25.55C=40.15D=10.0E={10.0,15.0}V={113.26250000000002,182.9625}B1=25.0V={{2,3},{3,5}}*EB2=2.65A=7.3B=25.55C=40.15D=10.0E={10.0,15.0}V={65.0,105.0}B1=25.0A=2+5.3ERROR:incorrect lengthERROR:division by zeroERROR:incorrect input asdB2=2.65A=7.3B=25.55
C=40.15
D=10.0
E={10.0,15.0}
V={65.0,105.0}
B1=25.0
5+7
5+7=12.0
утв
ERROR:incorrect input утв
